MY_LANES = [
    [(16, 106), (148, 270), (336, 182), (28, 10)], # Lane 1
    [(144, 266), (372, 470), (630, 362), (332, 172)], # Lane 2
    [(324, 182), (464, 260), (82, 476), (8, 382)], # Lane 3
    [(244, 222), (376, 318), (628, 74), (632, 22)], # Lane 4
]

5_point_lanes = [
    [(158, 292), (374, 206), (14, 10), (8, 104), (92, 182)], # Lane 1
    [(4, 384), (6, 470), (84, 472), (432, 238), (336, 176)], # Lane 2
    [(232, 382), (388, 478), (628, 470), (632, 372), (416, 226)], # Lane 3
    [(304, 200), (402, 262), (636, 76), (632, 26), (486, 90)], # Lane 4
]
